stock_id,pred5,rank10_x,pred10,close,rank10_y
1101.csv,-0.013201703317463398,536.0,-0.031269147992134094,36.6,528.0
1102.csv,-0.013201703317463398,536.0,-0.06798706948757172,43.6,783.0
1103.csv,-0.013201703317463398,536.0,0.013968391343951225,18.85,216.0
1104.csv,-0.01270313374698162,280.0,0.0979621410369873,26.3,16.0
1108.csv,-0.013044308871030807,294.0,-0.09205369651317596,14.8,877.0
1109.csv,-0.013201703317463398,536.0,-0.07763050496578217,17.15,822.0
1110.csv,-0.013201703317463398,536.0,0.054609060287475586,17.65,70.0
1201.csv,-0.013201703317463398,536.0,0.0011730142869055271,20.0,282.0
1203.csv,-0.019098103046417236,835.0,-0.06649529188871384,38.45,771.0
1210.csv,0.023346487432718277,4.0,-0.07992352545261383,51.9,834.0
1213.csv,-0.03198235481977463,907.0,0.1010705828666687,7.2,13.0
1215.csv,-0.013201703317463398,536.0,-0.01673218049108982,85.7,423.0
1216.csv,0.00012808945029973984,59.0,0.003039150033146143,72.5,275.0
1217.csv,-0.007988345809280872,180.0,-0.0877523347735405,11.35,865.0
1218.csv,-0.04214430972933769,939.0,-0.07263479381799698,30.7,802.0
1219.csv,-0.013201703317463398,536.0,0.026698483154177666,21.7,157.0
1220.csv,-0.013201703317463398,536.0,0.0517883226275444,17.1,75.0
1225.csv,-0.026440277695655823,881.0,-0.029889816418290138,61.1,516.0
1227.csv,-0.013201703317463398,536.0,0.03857726603746414,40.2,111.0
1229.csv,-0.022585269063711166,865.0,0.05866174399852753,58.7,63.0
1231.csv,-0.04998811334371567,952.0,-0.027010226622223854,90.0,491.0
1232.csv,-0.013201703317463398,536.0,-0.08146750181913376,149.5,841.0
1233.csv,-0.013201703317463398,536.0,-0.09614530950784683,34.6,893.0
1234.csv,-0.013201703317463398,536.0,0.015434211120009422,36.4,207.0
1235.csv,-0.013201703317463398,536.0,-0.051484279334545135,69.9,677.0
1236.csv,-0.0035315463319420815,101.0,-0.025419389829039574,23.8,479.0
1256.csv,-0.012496016919612885,273.0,-0.046110935509204865,330.5,636.0
1301.csv,-0.011442200280725956,249.0,-0.03647114709019661,92.1,567.0
1303.csv,-0.012430813163518906,270.0,-0.052948035299777985,77.7,695.0
1304.csv,-0.013201703317463398,536.0,8.60416330397129e-05,26.95,295.0
1305.csv,-0.01279686950147152,283.0,-0.10655402392148972,27.0,918.0
1307.csv,-0.0013481536880135536,75.0,0.030890455469489098,21.05,139.0
1308.csv,-0.010962111875414848,234.0,-0.029595742002129555,30.4,513.0
1309.csv,-0.013201703317463398,536.0,-0.013483868911862373,21.45,384.0
1310.csv,-0.011862396262586117,255.0,0.032567404210567474,14.2,130.0
1312.csv,-0.021326521411538124,857.0,-0.08524001389741898,20.4,856.0
1313.csv,-0.00012229103595018387,61.0,0.013565070927143097,15.0,217.0
1314.csv,-0.013201703317463398,536.0,-0.005903193261474371,9.92,332.0
1315.csv,-0.021738801151514053,858.0,0.003939919639378786,73.5,269.0
1316.csv,-0.004706461913883686,115.0,-0.029202992096543312,14.0,511.0
1319.csv,-0.013201703317463398,536.0,-0.05442715436220169,46.55,700.0
1321.csv,0.0,561.0,0.0,37.7,531.0
1323.csv,-0.032762426882982254,911.0,-0.013910094276070595,33.2,387.0
1324.csv,-0.01252012513577938,274.0,-0.04613669961690903,11.4,637.0
1325.csv,-0.013201703317463398,536.0,0.01224752701818943,23.6,221.0
1326.csv,-0.03852473944425583,931.0,-0.011215919628739357,69.5,369.0
1337.csv,-0.020480886101722717,850.0,-0.0060596889816224575,6.99,333.0
1338.csv,-0.013201703317463398,536.0,-0.029954487457871437,45.45,518.0
1339.csv,-0.019859198480844498,843.0,0.01908721961081028,45.25,182.0
1340.csv,-0.013201703317463398,536.0,-0.062343429774045944,11.05,749.0
1341.csv,-0.013201703317463398,536.0,-0.033229947090148926,69.9,543.0
1342.csv,-0.013201703317463398,536.0,-0.06568432599306107,157.5,768.0
1402.csv,-0.013201703317463398,536.0,-0.12570436298847198,31.45,943.0
1409.csv,0.008948511444032192,25.0,-0.10180561989545822,17.9,909.0
1410.csv,-0.013201703317463398,536.0,0.001027135644108057,38.75,285.0
1413.csv,-0.01338138710707426,777.0,-0.044254399836063385,9.54,620.0
1414.csv,-0.013704456388950348,781.0,0.02698053978383541,17.9,156.0
1416.csv,-0.011269606649875641,241.0,-0.11075631529092789,11.1,928.0
1417.csv,-0.013201703317463398,536.0,-0.004445550497621298,13.4,321.0
1418.csv,-0.020133376121520996,845.0,-0.08042702823877335,17.15,837.0
1419.csv,0.004453673027455807,30.0,0.050999030470848083,40.5,77.0
1423.csv,-0.0008144667372107506,67.0,-0.08634189516305923,20.8,861.0
1432.csv,-0.013201703317463398,536.0,-0.0007755248807370663,16.5,300.0
1434.csv,-0.012723848223686218,282.0,-0.025394190102815628,28.1,478.0
1435.csv,0.0,561.0,0.0,26.3,216.0
1436.csv,-0.03617911785840988,924.0,-0.047870900481939316,57.1,651.0
1437.csv,-0.023126404732465744,866.0,-0.030407007783651352,28.9,521.0
1438.csv,-0.013201703317463398,536.0,-0.02690730430185795,32.75,490.0
1439.csv,0.014503496699035168,13.0,0.09477340430021286,22.4,21.0
1440.csv,-0.013201703317463398,536.0,-0.0008441931568086147,16.9,301.0
1441.csv,-0.04732547327876091,947.0,-0.04732352867722511,8.04,647.0
1442.csv,-0.013201703317463398,536.0,-0.08317223936319351,34.25,847.0
1443.csv,-0.013201703317463398,536.0,-0.006870248820632696,28.6,338.0
1444.csv,-0.01415576133877039,791.0,0.025229429826140404,10.35,161.0
1445.csv,0.014089797623455524,15.0,-0.036293499171733856,17.5,565.0
1446.csv,-0.013201703317463398,536.0,0.03967856988310814,31.5,109.0
1447.csv,-0.012493640184402466,272.0,0.011534510180354118,8.0,226.0
1449.csv,0.009898736141622066,23.0,-0.11449550092220306,15.45,934.0
1451.csv,-0.02917233109474182,896.0,-0.014482276514172554,22.8,394.0
1452.csv,-0.0034208474680781364,99.0,0.050366997718811035,17.65,78.0
1453.csv,-0.013201703317463398,536.0,-0.058289408683776855,16.15,728.0
1454.csv,-0.010539214126765728,223.0,-0.009288707748055458,13.4,351.0
1455.csv,-0.04576561972498894,946.0,-0.07191885262727737,10.7,797.0
1456.csv,-0.013201703317463398,536.0,-0.048063404858112335,15.2,653.0
1457.csv,0.004077441059052944,35.0,-0.0949103906750679,18.7,888.0
1459.csv,-0.01235266961157322,269.0,0.03507483750581741,9.0,123.0
1460.csv,-0.013201703317463398,536.0,-0.10039716213941574,7.79,905.0
1463.csv,-0.06517323106527328,967.0,-0.03728979825973511,14.3,577.0
1464.csv,-0.014852399006485939,800.0,-0.026676097884774208,14.95,489.0
1465.csv,-0.011646265164017677,252.0,-0.015427818521857262,14.15,410.0
1466.csv,-0.013201703317463398,536.0,0.0878002941608429,11.65,27.0
1467.csv,-0.013201703317463398,536.0,-0.06653153896331787,11.7,772.0
1468.csv,-0.009583530947566032,203.0,-0.005196185316890478,15.5,330.0
1470.csv,-0.01078503392636776,231.0,-0.07436880469322205,19.4,811.0
1471.csv,-0.009322061203420162,196.0,0.01872805319726467,7.97,184.0
1472.csv,-0.01139476615935564,248.0,-0.06293303519487381,29.9,756.0
1473.csv,-0.013201703317463398,536.0,-0.029451394453644753,23.95,512.0
1474.csv,-0.013201703317463398,536.0,0.0324460044503212,12.8,132.0
1475.csv,-0.013201703317463398,536.0,0.019738418981432915,58.0,178.0
1476.csv,-0.013201703317463398,536.0,-0.04808112978935242,482.0,654.0
1477.csv,-0.005482323933392763,129.0,0.0428415909409523,219.5,100.0
1503.csv,-0.03966556861996651,932.0,-0.10779532045125961,85.1,921.0
1504.csv,-0.013201703317463398,536.0,-0.022133303806185722,43.95,458.0
1506.csv,-0.013201703317463398,536.0,0.026999762281775475,21.75,155.0
1512.csv,-0.018034936860203743,828.0,-0.022527890279889107,14.95,461.0
1513.csv,-0.016669373959302902,815.0,-0.09255682677030563,101.5,881.0
1514.csv,-0.013201703317463398,536.0,0.0009946697391569614,40.2,286.0
1515.csv,-0.013201703317463398,536.0,0.0019486439414322376,29.1,279.0
1516.csv,-0.013201703317463398,536.0,-0.022045740857720375,20.5,457.0
1517.csv,-0.013201703317463398,536.0,-0.0375230647623539,20.0,581.0
1519.csv,0.007191113196313381,26.0,-0.01969299279153347,80.0,442.0
1521.csv,-0.013201703317463398,536.0,0.04918006807565689,38.9,81.0
1522.csv,-0.029067639261484146,894.0,-0.009688327088952065,29.6,354.0
1524.csv,-0.013201703317463398,536.0,0.0472894161939621,26.4,89.0
1525.csv,-0.002594481222331524,87.0,-0.055898092687129974,66.8,714.0
1526.csv,-0.013201703317463398,536.0,0.03141503781080246,41.95,136.0
1527.csv,-0.007871655747294426,177.0,0.053486574441194534,42.7,71.0
1528.csv,-0.031980887055397034,906.0,0.017766868695616722,11.3,193.0
1529.csv,-0.013201703317463398,536.0,0.07028551399707794,28.8,47.0
1530.csv,-0.025384919717907906,874.0,-0.042699314653873444,32.1,608.0
1531.csv,-0.032473474740982056,909.0,-0.016359420493245125,14.5,419.0
1532.csv,0.02622111514210701,2.0,0.010610600933432579,35.2,229.0
1533.csv,-0.013201703317463398,536.0,-0.07534341514110565,50.5,813.0
1535.csv,-0.005282146856188774,126.0,-0.01485406793653965,49.35,400.0
1536.csv,-0.013201703317463398,536.0,0.042048465460538864,73.0,102.0
1537.csv,-0.003150711767375469,94.0,0.03664103150367737,143.5,118.0
1538.csv,-0.013201703317463398,536.0,-0.09400593489408493,8.98,885.0
1539.csv,-0.013201703317463398,536.0,-0.12833090126514435,31.3,952.0
1540.csv,-0.013201703317463398,536.0,-0.045582905411720276,16.9,629.0
1541.csv,-0.0016588717699050903,78.0,-0.07859615236520767,34.2,828.0
1558.csv,0.001823832280933857,45.0,-0.012376679107546806,112.5,375.0
1560.csv,0.001194484531879425,50.0,-0.05293690413236618,118.0,694.0
1568.csv,-0.009439253248274326,200.0,-0.022284192964434624,24.35,460.0
1582.csv,-0.004226198419928551,109.0,0.005933246109634638,60.9,256.0
1583.csv,-0.013201703317463398,536.0,-0.06952536851167679,67.9,790.0
1587.csv,-0.00943794660270214,199.0,-0.10101716965436935,23.0,908.0
1589.csv,-0.013201703317463398,536.0,-0.05613157898187637,82.3,717.0
1590.csv,-0.036716170608997345,927.0,-0.014352118596434593,1180.0,391.0
1597.csv,0.00027750059962272644,56.0,-0.08682116121053696,80.2,862.0
1598.csv,-0.013201703317463398,536.0,-0.07686684280633926,43.2,817.0
1603.csv,-0.013201703317463398,536.0,-0.10215041786432266,27.4,910.0
1604.csv,-0.013201703317463398,536.0,-0.1281842738389969,27.9,951.0
1605.csv,-0.0011871838942170143,69.0,-0.004798766691237688,49.1,325.0
1608.csv,-0.019401557743549347,839.0,-0.038437370210886,15.0,591.0
1609.csv,-0.013201703317463398,536.0,-0.0922779068350792,26.85,879.0
1611.csv,-0.007414367515593767,166.0,-0.03318554908037186,16.15,542.0
1612.csv,-0.0118862334638834,256.0,-0.0779644101858139,20.3,825.0
1614.csv,-0.013201703317463398,536.0,0.08703715354204178,36.85,29.0
1615.csv,-0.013201703317463398,536.0,0.06910749524831772,34.2,49.0
1616.csv,-0.0009919637814164162,68.0,-0.032095931470394135,8.65,535.0
1617.csv,-0.013201703317463398,536.0,-0.06688057631254196,15.05,775.0
1618.csv,0.015838876366615295,10.0,-0.045880548655986786,17.25,633.0
1626.csv,-0.013201703317463398,536.0,-0.01439165510237217,19.25,392.0
1701.csv,-0.006880514323711395,157.0,-0.06700406223535538,26.1,779.0
1702.csv,-0.008566951379179955,189.0,-0.013578718528151512,47.45,385.0
1707.csv,-0.013201703317463398,536.0,0.007769948337227106,177.5,245.0
1708.csv,-0.013201703317463398,536.0,-0.03825923800468445,42.9,589.0
1709.csv,-0.008623817935585976,191.0,0.05495106428861618,25.5,68.0
1710.csv,-0.013201703317463398,536.0,-0.009777309373021126,20.3,357.0
1711.csv,-0.04107484593987465,934.0,-0.05760461837053299,18.8,725.0
1712.csv,-0.013201703317463398,536.0,-0.07073952257633209,36.9,795.0
1713.csv,-0.013201703317463398,536.0,-0.03688260167837143,29.2,572.0
1714.csv,-0.013201703317463398,536.0,0.07968240231275558,9.11,34.0
1717.csv,-0.013201703317463398,536.0,-0.06127062812447548,32.2,744.0
1718.csv,-0.013201703317463398,536.0,-0.0852939635515213,8.43,857.0
1720.csv,-0.013201703317463398,536.0,0.03557167947292328,56.1,121.0
1721.csv,-0.01671523228287697,816.0,-0.1551983505487442,14.2,969.0
1722.csv,-0.026409752666950226,880.0,-0.03584561496973038,56.8,560.0
1723.csv,-0.013201703317463398,536.0,0.05147590488195419,114.5,76.0
1725.csv,-0.03297398239374161,913.0,-0.042748451232910156,21.2,609.0
1726.csv,-0.013201703317463398,536.0,-0.1386934071779251,73.1,960.0
1727.csv,-0.013729329220950603,783.0,-0.03552680462598801,25.85,555.0
1730.csv,-0.013201703317463398,536.0,-0.08688680827617645,56.6,863.0
1731.csv,-0.013201703317463398,536.0,0.06005290150642395,19.95,59.0
1732.csv,-0.013201703317463398,536.0,-0.08522595465183258,27.95,855.0
1733.csv,-0.0279277041554451,889.0,-0.058280400931835175,26.4,726.0
1734.csv,-0.013201703317463398,536.0,-0.00922701321542263,31.1,349.0
1735.csv,-0.013201703317463398,536.0,-0.006169789936393499,15.45,335.0
1736.csv,-0.004309419542551041,110.0,0.007115656975656748,67.9,249.0
1737.csv,-0.013201703317463398,536.0,-0.06360150128602982,33.8,757.0
1752.csv,-0.013201703317463398,536.0,-0.015873095020651817,60.5,414.0
1760.csv,-0.013201703317463398,536.0,-0.06644061952829361,176.5,770.0
1762.csv,-0.013201703317463398,536.0,-0.003562056925147772,82.7,314.0
1773.csv,-0.0030901310965418816,93.0,-0.07256708294153214,129.0,801.0
1776.csv,0.011523247696459293,18.0,0.1211506649851799,16.9,5.0
1783.csv,-0.013201703317463398,536.0,-0.08165676146745682,56.3,842.0
1786.csv,-0.013201703317463398,536.0,-0.008831555023789406,68.4,346.0
1789.csv,-0.013201703317463398,536.0,-0.005166183691471815,26.45,328.0
1795.csv,-0.013201703317463398,536.0,-0.007545632775872946,265.5,343.0
1802.csv,-0.013201703317463398,536.0,0.14021283388137817,20.15,4.0
1805.csv,-0.0168902650475502,819.0,0.03645151108503342,10.15,119.0
1806.csv,-0.013201703317463398,536.0,-0.049082741141319275,9.1,656.0
1808.csv,-0.013201703317463398,536.0,-0.011618444696068764,72.7,371.0
1809.csv,-0.008507633581757545,188.0,0.0548042356967926,13.95,69.0
1810.csv,-0.013201703317463398,536.0,-0.09181210398674011,18.8,876.0
1817.csv,-0.043776944279670715,944.0,-0.03207937628030777,39.85,534.0
1903.csv,-0.013201703317463398,536.0,0.02373827062547207,43.05,168.0
1904.csv,0.024291828274726868,3.0,-0.05244148522615433,28.45,689.0
1905.csv,-0.013201703317463398,536.0,0.017714563757181168,16.25,194.0
1906.csv,-0.013201703317463398,536.0,-0.0646161213517189,15.95,762.0
1907.csv,-0.013201703317463398,536.0,-0.13392889499664307,27.3,956.0
1909.csv,-0.013260039500892162,773.0,-0.04022130370140076,17.05,601.0
2002.csv,-0.0017034141346812248,80.0,-0.04098419100046158,30.9,603.0
2006.csv,-0.013201703317463398,536.0,-0.02778155542910099,56.9,499.0
2007.csv,-0.013201703317463398,536.0,-0.0849587693810463,11.45,852.0
2008.csv,-0.05635039880871773,963.0,0.01988290064036846,19.95,177.0
2009.csv,-0.00874096155166626,193.0,-0.1272379606962204,34.2,948.0
2010.csv,-0.01076709944754839,228.0,0.009525677189230919,16.0,237.0
2012.csv,-0.013201703317463398,536.0,-0.029860803857445717,25.35,515.0
2013.csv,-0.05710439756512642,964.0,-0.06781481206417084,58.6,782.0
2014.csv,-0.0047068120911717415,116.0,0.0029218927957117558,26.9,276.0
2015.csv,-0.013201703317463398,536.0,-0.015198098495602608,68.0,405.0
2017.csv,-0.013201703317463398,536.0,-0.06909674406051636,17.8,789.0
2020.csv,-0.0012634983286261559,71.0,-0.08813584595918655,23.45,867.0
2022.csv,-0.012330076657235622,267.0,0.11314114183187485,8.28,7.0
2023.csv,-0.013201703317463398,536.0,-0.09669902175664902,15.65,897.0
2024.csv,-0.013201703317463398,536.0,-0.10059870034456253,19.35,906.0
2025.csv,-0.012899445369839668,287.0,-0.03167293220758438,5.45,531.0
2027.csv,-0.013201703317463398,536.0,-0.012392932549118996,44.9,376.0
2028.csv,-0.013201703317463398,536.0,0.07744431495666504,27.45,38.0
2029.csv,-0.006381376180797815,149.0,0.052602145820856094,26.1,73.0
2030.csv,-0.013201703317463398,536.0,0.005524060223251581,23.25,258.0
2031.csv,-0.00862031988799572,190.0,-0.020825879648327827,45.75,449.0
2032.csv,0.001388763077557087,47.0,0.0061110579408705235,19.75,254.0
2033.csv,-0.013201703317463398,536.0,0.009719625115394592,15.85,235.0
2034.csv,-0.013201703317463398,536.0,0.00023784348741173744,29.35,293.0
2038.csv,-0.013201703317463398,536.0,-0.03004371002316475,21.95,519.0
2049.csv,-0.013201703317463398,536.0,0.003859414253383875,254.0,270.0
2059.csv,-0.013201703317463398,536.0,-0.016870545223355293,403.5,424.0
2062.csv,-0.013201703317463398,536.0,-0.033248256891965866,23.0,545.0
2069.csv,-0.013201703317463398,536.0,-0.014919320121407509,19.95,401.0
2101.csv,-0.013201703317463398,536.0,-0.052935514599084854,40.9,693.0
2102.csv,-0.026855280622839928,885.0,-0.01102556474506855,21.9,367.0
2103.csv,-0.013201703317463398,536.0,0.07689563184976578,28.15,39.0
2104.csv,-0.09447333961725235,975.0,-0.050518862903118134,19.85,669.0
2105.csv,-0.006945633329451084,158.0,-0.0805676206946373,37.15,838.0
2106.csv,-0.013201703317463398,536.0,0.03549930825829506,31.45,122.0
2107.csv,-0.007472670637071133,169.0,-0.0015129572711884975,22.0,304.0
2108.csv,-0.013201703317463398,536.0,-0.043827928602695465,39.25,617.0
2109.csv,-0.013201703317463398,536.0,0.01922566257417202,14.6,180.0
2114.csv,-0.013201703317463398,536.0,-0.016963372007012367,99.9,426.0
2115.csv,-0.054965678602457047,959.0,-0.11375849694013596,31.9,933.0
2201.csv,-0.010037977248430252,216.0,-0.03588878735899925,74.8,561.0
2204.csv,-0.013201703317463398,536.0,-0.0597209557890892,64.0,736.0
2206.csv,-0.013201703317463398,536.0,-0.03064599819481373,45.25,525.0
2207.csv,-0.001271059736609459,72.0,-0.05876421555876732,640.0,731.0
2208.csv,0.0011906353756785393,51.0,-0.004874618258327246,24.05,327.0
2211.csv,-0.013201703317463398,536.0,0.006826693657785654,56.5,251.0
2227.csv,-0.013201703317463398,536.0,-0.1270534098148346,195.5,947.0
2228.csv,0.015348861925303936,12.0,-0.0412120595574379,83.5,604.0
2231.csv,-0.005822005681693554,136.0,-0.05722267925739288,189.5,723.0
2233.csv,0.0005341041833162308,54.0,-0.03731730952858925,120.0,578.0
2236.csv,-0.013201703317463398,536.0,-0.08001213520765305,38.7,835.0
2239.csv,-0.013201703317463398,536.0,-0.12089503556489944,73.0,938.0
2241.csv,-0.013201703317463398,536.0,-0.07501234859228134,36.5,812.0
2243.csv,-0.013201703317463398,536.0,-0.05497431755065918,22.65,706.0
2247.csv,-0.013201703317463398,536.0,-0.037037480622529984,264.0,575.0
2250.csv,-0.014245731756091118,793.0,-0.08946239203214645,72.6,871.0
2301.csv,-0.01153696421533823,251.0,-0.15704230964183807,73.4,971.0
2302.csv,-0.013201703317463398,536.0,0.09411055594682693,23.0,22.0
2303.csv,-0.013201703317463398,536.0,0.04703250527381897,52.1,90.0
2305.csv,-0.034578707069158554,918.0,0.04171986132860184,24.2,103.0
2308.csv,-0.013201703317463398,536.0,-0.07304564863443375,295.0,806.0
2312.csv,-0.04335779324173927,942.0,-0.046435244381427765,13.2,641.0
2313.csv,-0.013201703317463398,536.0,-0.03635063394904137,46.9,566.0
2314.csv,-0.013201703317463398,536.0,-0.028871575370430946,41.5,506.0
2316.csv,-0.034665513783693314,920.0,-0.1379028707742691,29.05,959.0
2317.csv,-0.014258766546845436,795.0,0.02009623311460018,103.0,176.0
2321.csv,-0.012897379696369171,286.0,-0.07281889766454697,23.2,803.0
2323.csv,-0.020204946398735046,847.0,-0.019597413018345833,8.04,441.0
2324.csv,-0.004142289981245995,108.0,-0.05219857394695282,25.65,686.0
2327.csv,-0.010102199390530586,218.0,-0.055304817855358124,530.0,708.0
2328.csv,-0.014684208668768406,798.0,-0.058283451944589615,38.65,727.0
2329.csv,-0.013201703317463398,536.0,-0.11037939041852951,20.5,925.0
2330.csv,-0.02979828417301178,897.0,-0.04491289705038071,529.0,622.0
2331.csv,-0.020158551633358,846.0,-0.0022597252391278744,22.3,307.0
2332.csv,-0.013201703317463398,536.0,-0.07713986933231354,18.65,818.0
2337.csv,-0.0049676476046442986,120.0,-0.04615551233291626,34.85,639.0
2338.csv,-0.013201703317463398,536.0,-0.050470221787691116,92.2,668.0
2340.csv,-0.013201703317463398,536.0,-0.10314325988292694,38.75,912.0
2342.csv,-0.013201703317463398,536.0,0.08669992536306381,46.15,31.0
2344.csv,-0.028707288205623627,892.0,0.11292141675949097,26.4,8.0
2345.csv,-0.013752240687608719,785.0,-0.05222323536872864,308.5,687.0
2347.csv,-0.013201703317463398,536.0,0.00019046897068619728,61.0,294.0
2348.csv,-0.008249717764556408,186.0,-8.039316162467003e-05,68.1,296.0
2349.csv,-0.0038241110742092133,104.0,-0.08501831442117691,9.34,854.0
2351.csv,-0.00026992615312337875,64.0,-0.0290635097771883,136.0,510.0
2352.csv,-0.013201703317463398,536.0,-0.08341636508703232,32.3,848.0
2353.csv,-0.03575529158115387,923.0,-0.14519931375980377,28.25,965.0
2354.csv,-0.01129009947180748,243.0,-0.021387489512562752,55.5,451.0
2355.csv,-0.03625123202800751,925.0,-0.03899369388818741,32.3,593.0
2356.csv,-0.004388500936329365,112.0,-0.059444501996040344,32.4,734.0
2357.csv,-0.013201703317463398,536.0,0.04828410595655441,271.0,84.0
2358.csv,0.02011743187904358,7.0,-0.04538770765066147,11.35,624.0
2359.csv,-0.013201703317463398,536.0,-0.07659664005041122,31.2,816.0
2360.csv,-0.012939712032675743,289.0,-0.05689515918493271,177.0,721.0
2362.csv,-0.013201703317463398,536.0,-0.0165360439568758,30.25,420.0
2363.csv,-0.015718229115009308,807.0,-0.013826528564095497,18.75,386.0
2364.csv,-0.013201703317463398,536.0,0.010062826797366142,108.5,232.0
2365.csv,-0.01113148219883442,238.0,-0.06244252622127533,10.55,750.0
2367.csv,-0.012347931042313576,268.0,-0.12582699954509735,19.05,944.0
2368.csv,-0.013201703317463398,536.0,0.00411332817748189,98.8,268.0
2369.csv,-0.052984897047281265,956.0,-0.13373585045337677,14.9,955.0
2371.csv,-0.013201703317463398,536.0,0.010175241157412529,33.2,231.0
2373.csv,-0.01965205743908882,840.0,-0.012645849958062172,79.0,379.0
2374.csv,-0.013201703317463398,536.0,0.09279442578554153,20.2,24.0
2375.csv,-0.0050947098061442375,122.0,-0.0390797033905983,74.8,594.0
2376.csv,-0.013201703317463398,536.0,-0.14326734840869904,136.5,964.0
2377.csv,-0.013201703317463398,536.0,-0.07835225015878677,146.0,827.0
2379.csv,-0.03355075791478157,916.0,0.14825385808944702,378.5,2.0
2380.csv,-0.04171719402074814,937.0,0.008091742172837257,10.3,242.0
2382.csv,-0.0015949280932545662,77.0,-0.07913443446159363,89.9,830.0
2383.csv,-0.013201703317463398,536.0,-0.049642641097307205,182.0,661.0
2385.csv,-0.007586781866848469,171.0,0.028034573420882225,95.6,151.0
2387.csv,-0.0007259827107191086,65.0,0.09579139202833176,44.2,18.0
2388.csv,-0.013201703317463398,536.0,-0.07295282930135727,87.4,804.0
2390.csv,-0.04150591790676117,936.0,0.031793661415576935,12.55,135.0
2392.csv,-0.011124675162136555,237.0,-0.015694240108132362,41.6,412.0
2393.csv,-0.013201703317463398,536.0,0.06725586205720901,40.35,52.0
2395.csv,-0.013201703317463398,536.0,-0.05870664119720459,358.0,730.0
2397.csv,-0.013201703317463398,536.0,-0.02591247297823429,69.0,483.0
2399.csv,-0.013201703317463398,536.0,0.009914441034197807,16.05,234.0
2401.csv,-0.013201703317463398,536.0,-0.03773369640111923,24.75,585.0
2402.csv,-0.013201703317463398,536.0,-0.012145983055233955,27.6,373.0
2404.csv,-0.08248025923967361,974.0,-0.07928342372179031,212.5,831.0
2405.csv,-0.013201703317463398,536.0,-0.009211098775267601,12.25,348.0
2406.csv,0.0032553235068917274,37.0,-0.03799711912870407,19.75,586.0
2408.csv,-0.0058590117841959,137.0,-0.003970829304307699,66.7,316.0
2409.csv,-0.013201703317463398,536.0,-0.07009980827569962,18.55,793.0
2412.csv,-0.0061347768642008305,145.0,-0.0676058828830719,122.5,781.0
2413.csv,-0.013201703317463398,536.0,0.06299170106649399,35.4,55.0
2414.csv,0.0012876419350504875,49.0,-0.016710707917809486,34.3,422.0
2415.csv,-0.059206027537584305,965.0,-0.01981987990438938,24.55,444.0
2417.csv,-0.0012755077332258224,73.0,-0.12154035270214081,24.05,939.0
2419.csv,-0.013201703317463398,536.0,0.11877406388521194,28.5,6.0
2420.csv,-0.013201703317463398,536.0,-0.0862860456109047,44.1,860.0
2421.csv,-0.013201703317463398,536.0,-0.10281657427549362,51.8,911.0
2423.csv,-0.013201703317463398,536.0,-0.07763176411390305,34.15,823.0
2424.csv,-0.011063843965530396,236.0,-0.027431273832917213,22.25,496.0
2425.csv,-0.01374716404825449,784.0,-0.07795138657093048,32.6,824.0
2426.csv,0.0019089598208665848,44.0,-0.05109984055161476,19.2,673.0
2427.csv,-0.013201703317463398,536.0,0.05789440870285034,16.1,64.0
2428.csv,-0.013201703317463398,536.0,-0.06698019057512283,150.0,778.0
2429.csv,-0.013201703317463398,536.0,-0.010126927867531776,18.3,359.0
2430.csv,-0.013201703317463398,536.0,-0.1270168125629425,42.7,946.0
2431.csv,-0.04746777564287186,949.0,0.0242606308311224,11.2,166.0
2433.csv,-0.013201703317463398,536.0,0.006673804018646479,52.1,252.0
2434.csv,-0.0128755122423172,285.0,0.03190722316503525,29.7,134.0
2436.csv,-0.008794302120804787,194.0,-0.0376378558576107,53.5,583.0
2438.csv,-0.02076588198542595,853.0,-0.033978722989559174,23.7,547.0
2439.csv,-0.008168011903762817,183.0,0.05632827430963516,89.1,67.0
2440.csv,-0.0079359645023942,178.0,0.0804925411939621,11.3,33.0
2441.csv,-0.013201703317463398,536.0,-0.054442718625068665,54.0,702.0
2442.csv,-0.035062987357378006,921.0,-0.03395727649331093,16.9,546.0
2443.csv,-0.013201703317463398,536.0,-0.030132995918393135,4.26,520.0
2444.csv,-0.013347630389034748,775.0,-0.010143758729100227,17.1,360.0
2449.csv,-0.005163226276636124,123.0,-0.12170525640249252,48.2,940.0
2450.csv,-0.0071303630247712135,161.0,-0.01563001610338688,35.4,411.0
2451.csv,-0.03334730491042137,914.0,-0.10035092383623123,73.1,904.0
2453.csv,-0.013201703317463398,536.0,0.009519008919596672,67.7,238.0
2454.csv,-0.003178821876645088,95.0,0.029054520651698112,742.0,145.0
2455.csv,-0.012714792042970657,281.0,0.05750904604792595,99.9,65.0
2457.csv,-0.004626496694982052,114.0,-0.0005985959433019161,66.6,299.0
2458.csv,-0.013201703317463398,536.0,-0.027870984748005867,101.5,500.0
2459.csv,-0.013201703317463398,536.0,-0.059686072170734406,57.1,735.0
2460.csv,-0.0012523895129561424,70.0,-0.04248500615358353,18.85,607.0
2461.csv,-0.006053490564227104,141.0,-0.07717602699995041,22.45,819.0
2462.csv,-0.01772630214691162,824.0,0.01889159344136715,31.5,183.0
2464.csv,-0.011148386634886265,239.0,-0.15145181119441986,38.0,968.0
2465.csv,-0.013583357445895672,779.0,0.002388773951679468,38.8,277.0
2466.csv,-0.028341850265860558,890.0,0.06414727121591568,34.8,54.0
2467.csv,-0.013201703317463398,536.0,0.07777763158082962,48.45,36.0
2468.csv,-0.00374044943600893,103.0,-0.06500281393527985,25.9,764.0
2471.csv,-0.024484653025865555,871.0,-0.01905953325331211,50.2,436.0
2472.csv,-0.0034743258729577065,100.0,0.031312134116888046,66.0,137.0
2474.csv,-0.013201703317463398,536.0,0.00044339755550026894,186.0,290.0
2476.csv,-0.01302370335906744,292.0,-0.0370950773358345,58.0,576.0
2477.csv,0.004314682446420193,32.0,0.0005788230337202549,21.25,288.0
2478.csv,-0.013201703317463398,536.0,-0.14053665101528168,48.65,962.0
2480.csv,-0.03169555962085724,905.0,-0.015205049887299538,96.7,407.0
2481.csv,-0.013201703317463398,536.0,-0.04568272829055786,71.7,630.0
2482.csv,-0.013201703317463398,536.0,-0.012553947046399117,65.8,378.0
2483.csv,-0.020252561196684837,848.0,-0.0517696812748909,27.05,680.0
2484.csv,-0.013201703317463398,536.0,-0.014976898208260536,37.45,402.0
2485.csv,-0.05113862454891205,954.0,-0.055995792150497437,19.85,715.0
2486.csv,-0.04368156939744949,943.0,-0.07802725583314896,28.5,826.0
2488.csv,-0.009745568037033081,207.0,0.015918171033263206,31.05,203.0
2489.csv,-0.016147909685969353,810.0,0.007617770228534937,10.05,247.0
2491.csv,-0.013707154430449009,782.0,-0.05999630689620972,11.3,738.0
2492.csv,-0.03213123977184296,908.0,-0.11251562088727951,100.0,930.0
2493.csv,0.0021308474242687225,42.0,-0.08592876046895981,52.7,858.0
2495.csv,0.0014446238055825233,46.0,0.02727893553674221,23.25,152.0
2496.csv,-0.013201703317463398,536.0,-0.08500515669584274,53.2,853.0
2497.csv,-0.013615410774946213,780.0,-0.0284446869045496,82.3,504.0
2498.csv,-0.00807458907365799,181.0,-0.1618451029062271,65.2,973.0
2501.csv,-0.013201703317463398,536.0,-0.13254322111606598,17.15,954.0
2504.csv,-0.06520716100931168,968.0,-0.06976986676454544,27.85,792.0
2505.csv,-0.013201703317463398,536.0,-0.12475603073835373,18.35,942.0
2506.csv,-0.013201703317463398,536.0,-0.05446762964129448,9.23,703.0
2509.csv,-0.013201703317463398,536.0,0.0007821680046617985,15.25,287.0
2511.csv,-0.05050165206193924,953.0,-0.17722605168819427,11.7,975.0
2514.csv,-0.018499957397580147,832.0,-0.09668565541505814,17.35,896.0
2515.csv,-0.05476139113306999,958.0,-0.018014395609498024,9.26,431.0
2516.csv,-0.013201703317463398,536.0,-0.07239208370447159,4.94,800.0
2520.csv,-0.02535264566540718,873.0,0.04130881279706955,30.55,104.0
2524.csv,-0.013201703317463398,536.0,0.015262430533766747,31.9,208.0
2527.csv,-0.015520838089287281,805.0,0.01941128633916378,23.1,179.0
2528.csv,-0.006491051521152258,151.0,-0.0030528041534125805,23.85,313.0
2530.csv,-0.12901021540164948,976.0,-0.0285686943680048,19.25,505.0
2534.csv,-0.013201703317463398,536.0,0.037136442959308624,23.1,115.0
2535.csv,-0.04529941454529762,945.0,-0.1005997359752655,33.85,907.0
2536.csv,-0.013201703317463398,536.0,0.01802809350192547,24.4,191.0
2537.csv,-0.013201703317463398,536.0,0.07769168168306351,6.93,37.0
2538.csv,-0.013201703317463398,536.0,-0.023326924070715904,13.1,468.0
2539.csv,-0.013201703317463398,536.0,-0.06290018558502197,37.6,755.0
2540.csv,-0.05517156794667244,960.0,-0.049695588648319244,72.3,662.0
2542.csv,-0.013201703317463398,536.0,-0.0602504163980484,41.45,739.0
2543.csv,-0.009768039919435978,208.0,-0.05690506100654602,9.35,722.0
2545.csv,-0.013201703317463398,536.0,-0.004600008483976126,45.95,323.0
2546.csv,-0.015496814623475075,804.0,-0.10758806020021439,70.3,920.0
2547.csv,-0.013201703317463398,536.0,-0.036771975457668304,9.06,569.0
2548.csv,-0.013201703317463398,536.0,0.0048611522652208805,93.4,263.0
2597.csv,0.01430532056838274,14.0,-0.006084994878619909,125.0,334.0
2601.csv,-0.013201703317463398,536.0,0.08606835454702377,9.06,32.0
2603.csv,-0.013201703317463398,536.0,0.00958334468305111,163.5,236.0
2605.csv,0.01889282837510109,8.0,-0.032463110983371735,25.6,537.0
2606.csv,-0.00815042294561863,182.0,-0.031903840601444244,57.0,532.0
2607.csv,-0.013201703317463398,536.0,0.0069688246585428715,27.95,250.0
2608.csv,-0.030742954462766647,901.0,0.028617875650525093,38.55,149.0
2609.csv,-0.013201703317463398,536.0,0.010569581761956215,65.7,230.0
2610.csv,-0.013201703317463398,536.0,-0.03945440053939819,19.3,597.0
2611.csv,-0.013201703317463398,536.0,-0.06610781699419022,13.75,769.0
2612.csv,-0.013201703317463398,536.0,-0.05112951248884201,40.0,674.0
2613.csv,-0.013201703317463398,536.0,0.004830917809158564,22.4,264.0
2614.csv,-0.007653581909835339,173.0,0.045694492757320404,18.7,93.0
2615.csv,-0.013201703317463398,536.0,-0.05581287294626236,68.8,713.0
2616.csv,-0.013201703317463398,536.0,0.047375429421663284,32.3,88.0
2617.csv,-0.013201703317463398,536.0,0.004985664505511522,32.4,261.0
2618.csv,-0.013201703317463398,536.0,-0.08199852705001831,26.55,843.0
2630.csv,-0.013201703317463398,536.0,0.005664760712534189,19.25,257.0
2633.csv,-0.013790884055197239,786.0,-0.0412488654255867,30.15,605.0
2634.csv,-0.005402011331170797,128.0,0.019182858988642693,44.3,181.0
2636.csv,-0.013201703317463398,536.0,-0.055185042321681976,79.0,707.0
2637.csv,-0.013201703317463398,536.0,0.005312735680490732,66.4,260.0
2642.csv,-0.013201703317463398,536.0,0.032388314604759216,47.4,133.0
2645.csv,0.01012160163372755,20.0,-0.10720745474100113,99.2,919.0
2701.csv,-0.008193361572921276,185.0,0.011922268196940422,12.55,224.0
2702.csv,-0.030613858252763748,899.0,-0.03427485376596451,23.2,551.0
2704.csv,0.0007109474390745163,53.0,-0.03549794852733612,35.55,554.0
2705.csv,-0.013201703317463398,536.0,-0.010887248441576958,17.0,366.0
2706.csv,-0.007197501137852669,162.0,-0.007193469908088446,14.6,342.0
2707.csv,-0.011176589876413345,240.0,-0.04666176065802574,280.0,645.0
2712.csv,-0.016233230009675026,812.0,0.024867111817002296,34.95,164.0
2722.csv,-0.013201703317463398,536.0,-0.06251291185617447,48.55,752.0
2723.csv,-0.013201703317463398,536.0,-0.05260073393583298,140.0,690.0
2727.csv,-0.013201703317463398,536.0,-0.03489544242620468,298.0,553.0
2731.csv,-0.013201703317463398,536.0,-0.04933515191078186,149.0,658.0
2739.csv,-0.013201703317463398,536.0,-0.004415848758071661,56.7,320.0
2748.csv,-0.013201703317463398,536.0,-0.003921625670045614,88.2,315.0
2753.csv,-0.013201703317463398,536.0,0.01586437039077282,184.5,204.0
2801.csv,-0.0058179134503006935,135.0,0.0299613568931818,17.5,142.0
2809.csv,-0.024306323379278183,869.0,-0.01974756456911564,34.7,443.0
2812.csv,-0.013201703317463398,536.0,0.007702572736889124,13.95,246.0
2816.csv,-0.013201703317463398,536.0,0.0591348335146904,15.25,61.0
2820.csv,-0.011487205512821674,250.0,-0.016641566529870033,14.95,421.0
2832.csv,-0.013201703317463398,536.0,0.028923211619257927,20.8,146.0
2834.csv,-0.005630966275930405,132.0,-0.08384619653224945,13.45,850.0
2836.csv,-0.013201703317463398,536.0,-0.019590536132454872,12.35,440.0
2838.csv,-0.009069984778761864,195.0,0.00033138832077383995,15.7,292.0
2845.csv,-0.013201703317463398,536.0,0.01274079643189907,11.2,220.0
2849.csv,-0.011899609118700027,257.0,-0.0029993108473718166,14.7,312.0
2850.csv,-0.013201703317463398,536.0,0.014596516266465187,50.8,212.0
2851.csv,-0.013201703317463398,536.0,-0.07303880155086517,17.85,805.0
2852.csv,-0.013201703317463398,536.0,-0.04303773492574692,15.6,611.0
2855.csv,-0.018151668831706047,831.0,-0.07413743436336517,16.15,810.0
2867.csv,-0.013201703317463398,536.0,-0.06246418505907059,5.01,751.0
2880.csv,-0.013201703317463398,536.0,0.0461769700050354,22.5,92.0
2881.csv,-0.013201703317463398,536.0,-0.013352969661355019,57.1,381.0
2882.csv,0.00021342001855373383,57.0,-0.05551764369010925,42.55,711.0
2883.csv,-0.04895501211285591,951.0,-0.02989913709461689,12.9,517.0
2884.csv,-0.013201703317463398,536.0,0.09310837835073471,25.0,23.0
2885.csv,-0.005318907089531422,127.0,-0.09612085670232773,22.45,892.0
2886.csv,0.0027865590527653694,39.0,-0.02133990079164505,33.0,450.0
2887.csv,-0.013201703317463398,536.0,0.01812913827598095,16.7,188.0
2888.csv,-0.013201703317463398,536.0,0.09088307619094849,8.52,25.0
2889.csv,-0.006067758891731501,142.0,-0.09970827400684357,12.25,902.0
2890.csv,-0.013201703317463398,536.0,-0.08360499143600464,16.65,849.0
2891.csv,-0.013201703317463398,536.0,0.004510772880166769,21.8,266.0
2892.csv,-0.013201703317463398,536.0,0.045160409063100815,26.55,95.0
2897.csv,-0.020995039492845535,855.0,-0.08426869660615921,9.83,851.0
2901.csv,-0.013089404441416264,297.0,0.08725046366453171,24.85,28.0
2903.csv,-0.013201703317463398,536.0,-0.025327498093247414,22.95,477.0
2904.csv,-0.004372241906821728,111.0,-0.10002690553665161,21.0,903.0
2905.csv,-0.013201703317463398,536.0,0.07419044524431229,15.5,45.0
2906.csv,-0.01983586698770523,842.0,-0.045480597764253616,17.35,627.0
2908.csv,-0.013201703317463398,536.0,0.07633914798498154,20.95,42.0
2910.csv,-0.01243469025939703,271.0,0.0590965673327446,30.2,62.0
2911.csv,-0.013201703317463398,536.0,-0.002623987849801779,7.15,309.0
2912.csv,-0.012639185413718224,277.0,-0.050206758081912994,269.0,666.0
2913.csv,-0.013201703317463398,536.0,-0.037367574870586395,21.6,579.0
2915.csv,-0.013201703317463398,536.0,-0.02414422668516636,56.9,472.0
2923.csv,-0.017758376896381378,826.0,0.040239594876766205,23.3,108.0
2929.csv,-0.013201703317463398,536.0,-0.015233045443892479,13.9,408.0
2939.csv,-0.03266814351081848,910.0,-0.022822970524430275,34.6,463.0
2945.csv,-0.013201703317463398,536.0,-0.0015125214122235775,41.6,303.0
3002.csv,-0.0034082839265465736,98.0,-0.028362112119793892,12.15,503.0
3003.csv,-0.013201703317463398,536.0,-0.03703168034553528,70.4,574.0
3004.csv,-0.013201703317463398,536.0,-0.13417953252792358,88.8,957.0
3005.csv,-0.013201703317463398,536.0,0.022898567840456963,55.7,170.0
3006.csv,0.010120016522705555,21.0,0.04971558600664139,83.4,80.0
3008.csv,-0.01067785732448101,227.0,-0.1281522810459137,2145.0,950.0
3010.csv,-0.013201703317463398,536.0,-0.03580479323863983,87.7,559.0
3011.csv,0.003561771474778652,36.0,-0.051269762217998505,25.35,675.0
3013.csv,-0.013201703317463398,536.0,0.03315780311822891,22.15,126.0
3014.csv,-0.013201703317463398,536.0,-0.0787632167339325,90.0,829.0
3015.csv,0.00016552768647670746,58.0,-0.014684433117508888,49.0,398.0
3016.csv,-0.054599761962890625,957.0,-0.0696784183382988,71.3,791.0
3017.csv,-0.013201703317463398,536.0,-0.02739121951162815,148.5,494.0
3019.csv,-0.013201703317463398,536.0,-0.03263549506664276,67.0,540.0
3021.csv,-0.01810990273952484,829.0,-0.049390655010938644,22.2,660.0
3022.csv,-0.014126325026154518,790.0,-0.03240569680929184,84.8,536.0
3023.csv,-0.013201703317463398,536.0,0.004611546639353037,337.5,265.0
3024.csv,-0.009661239571869373,205.0,-0.017883451655507088,14.85,430.0
3025.csv,-0.026565197855234146,882.0,0.015436505898833275,33.8,206.0
3026.csv,-0.013201703317463398,536.0,0.0406266450881958,104.0,106.0
3027.csv,-0.013201703317463398,536.0,-0.0355551652610302,47.65,556.0
3028.csv,-0.00021120253950357437,62.0,-0.03690424561500549,32.45,573.0
3029.csv,-0.003284553997218609,97.0,-0.13984018564224243,59.0,961.0
3030.csv,-0.013201703317463398,536.0,-0.04403795301914215,64.3,619.0
3031.csv,0.015707075595855713,11.0,-0.030907457694411278,18.3,526.0
3032.csv,-0.013201703317463398,536.0,-0.04598989337682724,45.75,634.0
3033.csv,-0.026697922497987747,884.0,-0.10924965888261795,30.2,923.0
3034.csv,-0.013201703317463398,536.0,-0.0198694858700037,447.5,445.0
3035.csv,-0.013201703317463398,536.0,-0.02475624717772007,199.5,473.0
3036.csv,-0.012266647070646286,266.0,0.02963990531861782,67.5,143.0
3037.csv,-0.016533253714442253,814.0,-0.011167792603373528,144.5,368.0
3038.csv,-0.014157340861856937,792.0,-0.05564834922552109,26.05,712.0
3040.csv,-0.013177154585719109,299.0,-0.03407721966505051,32.9,548.0
3041.csv,-0.013201703317463398,536.0,-0.020625026896595955,21.05,447.0
3042.csv,-0.013201703317463398,536.0,0.022773822769522667,88.6,171.0
3043.csv,-0.013201703317463398,536.0,-0.07617092877626419,38.35,815.0
3044.csv,-0.019293228164315224,838.0,0.020523546263575554,113.0,175.0
3045.csv,-0.017437707632780075,822.0,-0.043602872639894485,103.0,614.0
3046.csv,-0.022347476333379745,863.0,0.0033126906491816044,75.0,273.0
3047.csv,-0.005255511961877346,125.0,-0.09284475445747375,16.95,882.0
3048.csv,-0.0017455555498600006,81.0,0.06993719935417175,28.6,48.0
3049.csv,-0.003054499626159668,92.0,-0.06798980385065079,10.15,784.0
3050.csv,-0.013201703317463398,536.0,-0.004487769212573767,15.85,322.0
3051.csv,-0.013201703317463398,536.0,-0.03608549386262894,19.15,564.0
3052.csv,-0.013201703317463398,536.0,-0.05208415538072586,11.05,684.0
3054.csv,-0.013087505474686623,296.0,-0.07019331306219101,19.1,794.0
3055.csv,-0.013201703317463398,536.0,0.03600510209798813,29.25,120.0
3056.csv,0.002364872954785824,40.0,-0.07719196379184723,47.2,820.0
3057.csv,-0.0026800259947776794,89.0,-0.10396973788738251,11.25,913.0
3058.csv,-0.013201703317463398,536.0,-0.03606875240802765,15.7,563.0
3059.csv,-0.03349711373448372,915.0,-0.002384957391768694,35.45,308.0
3060.csv,-0.013201703317463398,536.0,0.024783140048384666,17.5,165.0
3062.csv,-0.03674343228340149,928.0,0.06293553113937378,23.0,56.0
3090.csv,-0.013201703317463398,536.0,-0.00019837310537695885,58.9,298.0
3092.csv,0.0009375838562846184,52.0,-0.046037714928388596,35.2,635.0
3094.csv,-0.013201703317463398,536.0,-0.03603814169764519,33.85,562.0
3130.csv,-0.013201703317463398,536.0,-0.015713850036263466,209.5,413.0
3138.csv,-0.013201703317463398,536.0,-0.020675580948591232,162.5,448.0
3149.csv,-0.00938035361468792,198.0,0.02546718530356884,18.2,160.0
3164.csv,-0.013201703317463398,536.0,-0.09678265452384949,24.5,898.0
3167.csv,-0.013201703317463398,536.0,-0.05000164359807968,43.55,664.0
3189.csv,-0.0002675829455256462,63.0,-0.09619072824716568,114.0,894.0
3209.csv,-0.013201703317463398,536.0,-0.001693436410278082,40.95,306.0
3229.csv,-0.013201703317463398,536.0,-0.05305928736925125,20.15,696.0
3231.csv,-0.00634332001209259,148.0,-0.09787756949663162,43.4,901.0
3257.csv,0.027645405381917953,1.0,-0.00634759059175849,58.0,336.0
3266.csv,-0.012590010650455952,276.0,0.024987278506159782,13.0,162.0
3296.csv,-0.013201703317463398,536.0,0.0032048956491053104,17.0,274.0
3305.csv,-0.013201703317463398,536.0,-0.09769625216722488,47.85,900.0
3308.csv,-0.005873408634215593,138.0,-0.12618541717529297,20.5,945.0
3311.csv,-0.018863338977098465,834.0,0.016826486214995384,35.6,199.0
3312.csv,-0.022495999932289124,864.0,-0.022254260256886482,21.25,459.0
3321.csv,-0.013201703317463398,536.0,-0.06696673482656479,6.59,776.0
3338.csv,-0.013201703317463398,536.0,0.02334890328347683,46.6,169.0
3346.csv,-0.012140689417719841,263.0,-0.037730176001787186,42.7,584.0
3356.csv,-0.0013746926560997963,76.0,-0.03149960935115814,41.85,529.0
3376.csv,-0.013201703317463398,536.0,-0.0734238252043724,89.0,809.0
3380.csv,-0.07895004004240036,972.0,-0.06087309867143631,36.0,741.0
3406.csv,-0.028757113963365555,893.0,0.007326452527195215,381.5,248.0
3413.csv,-0.013201703317463398,536.0,-0.10484578460454941,198.5,914.0
3416.csv,-0.013201703317463398,536.0,-0.08793816715478897,106.0,866.0
3419.csv,-0.005736557766795158,133.0,-0.03161167353391647,19.0,530.0
3432.csv,0.013431739993393421,16.0,-0.03323212265968323,13.95,544.0
3437.csv,-0.006959565915167332,159.0,0.043064214289188385,20.35,99.0
3443.csv,-0.013201703317463398,536.0,-0.09484994411468506,1100.0,887.0
3447.csv,-0.013201703317463398,536.0,0.01204671524465084,64.2,222.0
3450.csv,-0.07128527760505676,970.0,0.036936141550540924,39.7,116.0
3454.csv,-0.013201703317463398,536.0,0.017925700172781944,251.5,192.0
3481.csv,-0.013201703317463398,536.0,-0.13575495779514313,14.7,958.0
3494.csv,-0.005772698670625687,134.0,-0.046561434864997864,8.43,643.0
3501.csv,0.004342018626630306,31.0,-0.07329224795103073,53.3,807.0
3504.csv,-0.007568838074803352,170.0,-0.04574209451675415,89.4,631.0
3515.csv,-0.013201703317463398,536.0,-0.01775466836988926,142.0,428.0
3518.csv,-0.010959870181977749,233.0,0.06636057794094086,29.1,53.0
3528.csv,-0.014461356215178967,796.0,-0.08296193927526474,59.2,846.0
3530.csv,-0.013201703317463398,536.0,-0.051913194358348846,87.3,682.0
3532.csv,-0.013201703317463398,536.0,-0.07115568965673447,162.5,796.0
3533.csv,-0.013201703317463398,536.0,-0.02625550515949726,930.0,486.0
3535.csv,-0.013201703317463398,536.0,-0.036655161529779434,22.45,568.0
3536.csv,-0.01216752827167511,264.0,-0.054304905235767365,3.24,699.0
3543.csv,-0.04754210263490677,950.0,-0.014582911506295204,21.85,396.0
3545.csv,-0.013201703317463398,536.0,-0.014574006199836731,81.7,395.0
3550.csv,-0.0177045539021492,823.0,-0.00273493817076087,15.15,310.0
3557.csv,-0.005211266689002514,124.0,-0.13191087543964386,67.5,953.0
3563.csv,-0.014475885778665543,797.0,0.01165827177464962,192.0,225.0
3576.csv,-0.013201703317463398,536.0,0.1055525690317154,20.9,11.0
3583.csv,-0.0027825869619846344,91.0,-0.05389557033777237,84.2,698.0
3588.csv,-0.003951996564865112,105.0,-0.08201795816421509,61.8,844.0
3591.csv,5.735084414482117e-06,60.0,-0.010266454890370369,22.9,362.0
3592.csv,-0.013201703317463398,536.0,0.028545668348670006,423.0,150.0
3593.csv,-0.016752231866121292,817.0,0.03674360364675522,12.75,117.0
3596.csv,-0.013201703317463398,536.0,-0.019332807511091232,105.5,437.0
3605.csv,-0.006775928661227226,154.0,0.030834874138236046,31.4,140.0
3607.csv,-0.007212761323899031,163.0,0.022536305710673332,13.95,172.0
3617.csv,-0.015311967581510544,802.0,-0.052666641771793365,123.0,691.0
3622.csv,-0.013201703317463398,536.0,-0.024004539474844933,30.7,471.0
3645.csv,-0.024450205266475677,870.0,0.07869640737771988,34.7,35.0
3652.csv,-0.013201703317463398,536.0,-0.02904760278761387,33.25,509.0
3653.csv,-0.013201703317463398,536.0,-0.06800384074449539,486.5,785.0
3661.csv,0.010519326664507389,19.0,-0.06506303697824478,1315.0,766.0
3665.csv,-0.006072668824344873,143.0,-0.027928749099373817,274.5,502.0
3669.csv,-0.007288302760571241,164.0,-0.04377586394548416,44.5,616.0
3673.csv,-0.013201703317463398,536.0,0.0467073991894722,34.6,91.0
3679.csv,-0.013201703317463398,536.0,0.041171908378601074,89.3,105.0
3682.csv,-0.007294910028576851,165.0,-0.008775757625699043,6.5,345.0
3686.csv,-0.013201703317463398,536.0,-0.026204893365502357,15.25,485.0
3694.csv,-0.013201703317463398,536.0,-0.056622572243213654,23.3,718.0
3701.csv,0.0013840515166521072,48.0,-0.021613338962197304,54.2,454.0
3702.csv,-0.013201703317463398,536.0,0.006316861603409052,50.1,253.0
3703.csv,-0.013201703317463398,536.0,-0.01589418388903141,31.3,415.0
3704.csv,-0.013201703317463398,536.0,-0.06841954588890076,37.55,787.0
3705.csv,-0.013818468898534775,787.0,-0.02160356380045414,44.2,453.0
3706.csv,-0.013201703317463398,536.0,-0.006713063921779394,27.4,337.0
3708.csv,-0.013201703317463398,536.0,0.0010715932585299015,101.5,284.0
3711.csv,-0.013201703317463398,536.0,-0.06460104137659073,109.0,761.0
3712.csv,-0.013112982735037804,298.0,-0.0312423724681139,37.9,527.0
3714.csv,-0.009322420693933964,197.0,-0.02713828720152378,52.2,492.0
3715.csv,-0.002442427910864353,85.0,-0.009749313816428185,24.1,356.0
4104.csv,-0.013201703317463398,536.0,-0.03800588846206665,81.7,587.0
4106.csv,-0.017749451100826263,825.0,-0.09125430136919022,29.35,873.0
4108.csv,-0.0067832255735993385,155.0,-0.019490474835038185,19.1,439.0
4119.csv,-0.015987802296876907,808.0,-0.03948453068733215,121.5,598.0
4133.csv,-0.013492930680513382,778.0,-0.08755506575107574,36.6,864.0
4137.csv,-0.013025854714214802,293.0,-0.06826259940862656,226.5,786.0
4142.csv,-0.008654593490064144,192.0,-0.04371195286512375,39.75,615.0
4148.csv,-0.013201703317463398,536.0,-0.0009520738385617733,68.0,302.0
4155.csv,-0.013201703317463398,536.0,0.03722425177693367,37.1,114.0
4164.csv,-0.013201703317463398,536.0,-0.025136785581707954,71.1,475.0
4190.csv,-0.06113375350832939,966.0,-0.03913402557373047,97.5,595.0
4306.csv,-0.013201703317463398,536.0,-0.05611521005630493,16.4,716.0
4426.csv,-0.013201703317463398,536.0,0.014671633020043373,26.0,211.0
4438.csv,-0.04195176437497139,938.0,-0.05130124092102051,113.5,676.0
4439.csv,-0.021771270781755447,859.0,0.01439121924340725,119.0,214.0
4440.csv,-0.013201703317463398,536.0,0.05310172587633133,35.25,72.0
4526.csv,-0.013201703317463398,536.0,0.012997539713978767,17.6,219.0
4532.csv,-0.013201703317463398,536.0,-0.06108729541301727,18.85,743.0
4536.csv,-0.013201703317463398,536.0,-0.006925297435373068,209.0,339.0
4540.csv,-0.016464175656437874,813.0,-0.014456639066338539,42.2,393.0
4545.csv,-0.004917755722999573,118.0,0.07684992253780365,31.6,40.0
4551.csv,-0.013201703317463398,536.0,-0.05109319090843201,141.5,672.0
4552.csv,-0.013201703317463398,536.0,0.043313801288604736,32.2,98.0
4555.csv,0.009621850214898586,24.0,-0.011286953464150429,48.8,370.0
4557.csv,0.002328256145119667,41.0,0.10931051522493362,112.0,9.0
4560.csv,-0.012824010103940964,284.0,-0.04778280109167099,39.4,650.0
4562.csv,-0.02060607820749283,852.0,-0.06435554474592209,16.85,760.0
4564.csv,-0.013201703317463398,536.0,-0.015062296763062477,23.6,403.0
4566.csv,-0.013201703317463398,536.0,-0.05224090814590454,55.2,688.0
4571.csv,-0.013201703317463398,536.0,0.016576839610934258,78.3,200.0
4572.csv,-0.013201703317463398,536.0,0.00813964568078518,148.0,241.0
4576.csv,-0.0023182565346360207,84.0,-0.04684256762266159,79.2,646.0
4581.csv,-0.013201703317463398,536.0,-0.08904027193784714,48.8,869.0
4583.csv,-0.013004138134419918,291.0,-0.0027818470261991024,223.0,311.0
4720.csv,-0.013201703317463398,536.0,0.014854712411761284,14.2,210.0
4722.csv,-0.025268036872148514,872.0,-0.010675245895981789,35.8,365.0
4737.csv,-0.013201703317463398,536.0,0.0034332782961428165,76.6,271.0
4739.csv,-0.011002661660313606,235.0,-0.09494370967149734,98.7,889.0
4746.csv,-0.013201703317463398,536.0,-0.08032194525003433,86.0,836.0
4755.csv,-0.013201703317463398,536.0,0.0020150714553892612,131.5,278.0
4763.csv,-0.013201703317463398,536.0,-0.052764736115932465,437.0,692.0
4764.csv,-0.013201703317463398,536.0,-0.003991344477981329,53.8,317.0
4766.csv,-0.010263812728226185,219.0,0.07532861828804016,150.0,43.0
4770.csv,-0.013201703317463398,536.0,-0.09247896820306778,300.5,880.0
4807.csv,-0.013201703317463398,536.0,-0.05673626810312271,20.7,719.0
4904.csv,-0.013201703317463398,536.0,-0.06408441066741943,76.1,758.0
4906.csv,-0.005597996991127729,131.0,-0.11050582677125931,30.65,926.0
4912.csv,-0.013201703317463398,536.0,-0.07735972106456757,76.0,821.0
4915.csv,-0.013201703317463398,536.0,-0.03570334613323212,60.8,557.0
4916.csv,-0.018132302910089493,830.0,-0.00804009847342968,33.65,344.0
4919.csv,-0.014729139395058155,799.0,-0.11362668871879578,149.0,932.0
4927.csv,-0.012139756232500076,262.0,-0.012646319344639778,59.0,380.0
4930.csv,-0.013201703317463398,536.0,-0.03063099831342697,25.95,524.0
4934.csv,-0.013201703317463398,536.0,0.010898523032665253,31.65,228.0
4935.csv,-0.013201703317463398,536.0,-0.06199819594621658,59.4,746.0
4938.csv,-0.013201703317463398,536.0,-0.036835141479969025,69.9,571.0
4942.csv,-0.013201703317463398,536.0,0.02700028009712696,38.15,154.0
4943.csv,-0.013201703317463398,536.0,0.037307970225811005,9.4,113.0
4952.csv,-0.00764422956854105,172.0,-0.1503669023513794,57.4,967.0
4956.csv,-0.011987796984612942,259.0,0.03823832422494888,16.9,112.0
4958.csv,-0.013201703317463398,536.0,0.047512613236904144,111.5,87.0
4960.csv,-0.013201703317463398,536.0,0.0012386036105453968,12.7,281.0
4961.csv,-0.013201703317463398,536.0,-0.12359503656625748,170.5,941.0
4967.csv,-0.013201703317463398,536.0,-0.025092298164963722,71.7,474.0
4968.csv,-0.013201703317463398,536.0,-0.07215724885463715,150.0,798.0
4976.csv,-0.013201703317463398,536.0,-0.09222569316625595,50.7,878.0
4977.csv,0.006221902556717396,27.0,0.018117403611540794,125.5,189.0
4989.csv,-0.02712225914001465,886.0,-0.017656804993748665,28.8,427.0
4994.csv,-0.04741879552602768,948.0,-0.009616123512387276,48.25,353.0
4999.csv,-0.013368423096835613,776.0,-0.11283358186483383,38.0,931.0
5007.csv,-0.013201703317463398,536.0,-0.0016359924338757992,52.0,305.0
5203.csv,-0.001332063227891922,74.0,0.06847698241472244,101.0,50.0
5215.csv,-0.010278995148837566,220.0,-0.11011205613613129,47.9,924.0
5222.csv,-0.010351724922657013,221.0,-0.04354957491159439,190.0,613.0
5225.csv,-0.013201703317463398,536.0,0.048330262303352356,38.2,83.0
5234.csv,-0.02231013774871826,862.0,-0.14078205823898315,86.5,963.0
5243.csv,-0.015476753935217857,803.0,-0.028962338343262672,66.0,507.0
5244.csv,-0.013201703317463398,536.0,-0.010206535458564758,32.0,361.0
5258.csv,-0.013201703317463398,536.0,-0.05532747507095337,88.0,709.0
5269.csv,-0.04116344451904297,935.0,-0.04615159332752228,1210.0,638.0
5283.csv,-0.013201703317463398,536.0,0.06290057301521301,109.0,57.0
5284.csv,-0.013201703317463398,536.0,-0.015182549133896828,123.5,404.0
5285.csv,-0.013201703317463398,536.0,0.018366744741797447,88.9,186.0
5288.csv,-0.013201703317463398,536.0,-0.05443795025348663,180.5,701.0
5306.csv,-0.006815575994551182,156.0,0.032694414258003235,142.5,128.0
5388.csv,-0.02757999673485756,888.0,-0.016924673691391945,93.6,425.0
5434.csv,-0.0017526289448142052,82.0,-0.11919469386339188,191.0,937.0
5469.csv,-0.055785391479730606,961.0,-0.09547170251607895,37.7,890.0
5471.csv,0.0020948322489857674,43.0,0.10054299980401993,53.9,14.0
5484.csv,-0.030747611075639725,902.0,0.01605592481791973,17.25,202.0
5515.csv,0.02284536138176918,5.0,0.0326908603310585,12.9,129.0
5519.csv,-0.02316730096936226,867.0,-0.09611179679632187,24.15,891.0
5521.csv,-0.013201703317463398,536.0,-0.09418985992670059,7.43,886.0
5522.csv,-0.013201703317463398,536.0,0.0019453377462923527,58.3,280.0
5525.csv,-0.013201703317463398,536.0,-0.020408788695931435,26.85,446.0
5531.csv,-0.013201703317463398,536.0,0.021348638460040092,9.59,174.0
5533.csv,-0.005886448081582785,139.0,-0.00579066714271903,18.55,331.0
5534.csv,-0.03461654111742973,919.0,-0.035755835473537445,79.3,558.0
5538.csv,-0.008465437218546867,187.0,-0.1599551886320114,42.2,972.0
5546.csv,-0.010087205097079277,217.0,0.07450465112924576,40.9,44.0
5607.csv,-0.013201703317463398,536.0,-0.00473807891830802,69.4,324.0
5608.csv,-0.013201703317463398,536.0,-0.02283855713903904,27.1,464.0
5706.csv,-0.08037478476762772,973.0,0.028909405693411827,63.8,147.0
5871.csv,-0.013201703317463398,536.0,-0.21639549732208252,224.0,976.0
5876.csv,-0.013201703317463398,536.0,0.01838541589677334,46.9,185.0
5880.csv,-0.029077958315610886,895.0,-0.019372334703803062,26.3,438.0
5906.csv,-0.013201703317463398,536.0,-0.009246448054909706,35.55,350.0
5907.csv,-0.013201703317463398,536.0,-0.0375138595700264,15.45,580.0
6005.csv,-0.00746559863910079,168.0,-0.051008664071559906,12.2,671.0
6024.csv,-0.010639016516506672,224.0,-0.01467944122850895,43.2,397.0
6108.csv,-0.0076804738491773605,175.0,-0.0464828684926033,17.5,642.0
6112.csv,-0.013201703317463398,536.0,-0.1146133691072464,44.35,936.0
6115.csv,-0.005593756679445505,130.0,-0.018150055781006813,45.1,433.0
6116.csv,-0.02036920189857483,849.0,0.0011593610979616642,12.8,283.0
6117.csv,-0.022248687222599983,861.0,0.017328573390841484,15.35,196.0
6120.csv,-0.018799182027578354,833.0,-0.04734482616186142,10.55,648.0
6128.csv,-0.013201703317463398,536.0,-0.03261192888021469,34.5,539.0
6133.csv,-0.013201703317463398,536.0,-0.01012607105076313,23.55,358.0
6136.csv,-0.007060243282467127,160.0,-0.01470872201025486,18.9,399.0
6139.csv,-0.025643501430749893,875.0,-0.05976152420043945,47.85,737.0
6141.csv,-0.013201703317463398,536.0,-0.11064306646585464,18.95,927.0
6142.csv,-0.013201703317463398,536.0,0.09483595192432404,13.2,20.0
6152.csv,-0.03116847202181816,903.0,0.009995674714446068,11.95,233.0
6153.csv,-0.011362903751432896,246.0,-0.04545870050787926,23.7,626.0
6155.csv,-0.013201703317463398,536.0,-0.062237657606601715,27.9,748.0
6164.csv,-0.004014450125396252,106.0,0.0003762305714190006,11.8,291.0
6165.csv,-0.013201703317463398,536.0,-0.051863111555576324,30.3,681.0
6166.csv,0.010051767341792583,22.0,0.07676874846220016,62.2,41.0
6168.csv,-0.007790444418787956,176.0,-0.03880550339818001,25.1,592.0
6176.csv,-0.015999266877770424,809.0,-0.047931570559740067,111.0,652.0
6177.csv,-0.020514361560344696,851.0,0.008219582960009575,32.8,240.0
6183.csv,-0.025845564901828766,877.0,-0.04152370244264603,64.9,606.0
6184.csv,-0.013201703317463398,536.0,-0.02768566645681858,50.4,498.0
6189.csv,-0.011284017004072666,242.0,0.029090827330946922,41.85,144.0
6191.csv,-0.025689583271741867,876.0,0.008296923711895943,33.75,239.0
6192.csv,0.02200215682387352,6.0,0.04245701804757118,76.0,101.0
6196.csv,-0.01053597405552864,222.0,-0.050287120044231415,133.5,667.0
6197.csv,-0.013201703317463398,536.0,-0.02269693650305271,52.0,462.0
6201.csv,-0.013201703317463398,536.0,-0.05216366797685623,43.0,685.0
6202.csv,-0.013201703317463398,536.0,-0.01028016023337841,74.2,363.0
6205.csv,-0.009715824387967587,206.0,0.014991706237196922,77.8,209.0
6206.csv,-0.013201703317463398,536.0,-0.07225829362869263,73.1,799.0
6209.csv,-0.016220267862081528,811.0,-0.025857994332909584,31.75,482.0
6213.csv,-0.013201703317463398,536.0,-0.07605722546577454,78.0,814.0
6214.csv,-0.004990593530237675,121.0,-0.04515684396028519,80.3,623.0
6215.csv,-0.013201703317463398,536.0,0.08700384944677353,27.05,30.0
6216.csv,-0.013201703317463398,536.0,-0.012487359344959259,27.1,377.0
6224.csv,-0.013201703317463398,536.0,-0.03943212330341339,65.8,596.0
6225.csv,-0.017426852136850357,821.0,-0.11113233119249344,9.43,929.0
6226.csv,-0.013201703317463398,536.0,-0.004153394605964422,12.3,318.0
6230.csv,-0.007454157341271639,167.0,-0.050589267164468765,152.0,670.0
6235.csv,-0.013201703317463398,536.0,-0.013922581449151039,79.8,388.0
6239.csv,-0.013201703317463398,536.0,-0.05453648045659065,92.6,705.0
6243.csv,-0.013201703317463398,536.0,-0.009473027661442757,37.3,352.0
6257.csv,-0.009464475326240063,202.0,-0.018337199464440346,55.3,434.0
6269.csv,-0.02666623890399933,883.0,0.05948895961046219,98.2,60.0
6271.csv,-0.013201703317463398,536.0,-0.05200287327170372,198.5,683.0
6277.csv,-0.013201703317463398,536.0,-0.049387991428375244,84.5,659.0
6278.csv,-0.0020642196759581566,83.0,-0.03960456699132919,98.0,599.0
6281.csv,-0.013201703317463398,536.0,-0.09062891453504562,83.8,872.0
6282.csv,-0.012020926922559738,260.0,-0.09159394353628159,38.9,875.0
6283.csv,-0.0026197442784905434,88.0,-0.03413613140583038,34.4,550.0
6285.csv,-0.010646737180650234,225.0,-0.14942574501037598,99.3,966.0
6288.csv,-0.00595453567802906,140.0,-0.06555262953042984,31.55,767.0
6405.csv,-0.012205820530653,265.0,-0.09398384392261505,21.1,884.0
6409.csv,-0.013201703317463398,536.0,0.006049102637916803,1730.0,255.0
6412.csv,-0.013201703317463398,536.0,-0.04872855544090271,79.4,655.0
6414.csv,-0.001673506572842598,79.0,-0.11457682400941849,256.0,935.0
6415.csv,-0.023784875869750977,868.0,-0.043951161205768585,494.0,618.0
6416.csv,-0.013201703317463398,536.0,-0.015389235690236092,113.5,409.0
6426.csv,-0.013849852606654167,789.0,-0.054517317563295364,64.5,704.0
6431.csv,-0.025859510526061058,878.0,-0.04976467788219452,21.45,663.0
6438.csv,-0.013201703317463398,536.0,-0.05004335194826126,107.0,665.0
6442.csv,-0.020063798874616623,844.0,-0.027650365605950356,54.5,497.0
6443.csv,-0.03559098765254021,922.0,0.05191846936941147,39.2,74.0
6449.csv,-0.013201703317463398,536.0,-0.06656140089035034,53.8,773.0
6451.csv,0.004247964359819889,33.0,-0.05879295617341995,84.8,732.0
6456.csv,-0.00408896803855896,107.0,0.048799753189086914,82.9,82.0
6464.csv,-0.010875560343265533,232.0,0.03394307941198349,89.8,125.0
6477.csv,-0.013201703317463398,536.0,0.004188122693449259,51.8,267.0
6491.csv,-0.013201703317463398,536.0,0.016885248944163322,413.5,197.0
6504.csv,-0.013201703317463398,536.0,-0.10862601548433304,81.5,922.0
6505.csv,-0.013201703317463398,536.0,-0.05682923644781113,87.5,720.0
6515.csv,-0.03763151913881302,930.0,-0.0613306388258934,735.0,745.0
6525.csv,-0.013201703317463398,536.0,0.03869891166687012,76.6,110.0
6531.csv,-0.008185172453522682,184.0,-0.01618911512196064,326.0,416.0
6533.csv,-0.013201703317463398,536.0,-0.007051253225654364,521.0,341.0
6541.csv,-0.013201703317463398,536.0,0.024083135649561882,80.0,167.0
6550.csv,-0.06701593846082687,969.0,-0.04543790966272354,97.6,625.0
6552.csv,-0.013201703317463398,536.0,0.050269000232219696,36.55,79.0
6558.csv,-0.006316006183624268,147.0,0.0684182420372963,27.05,51.0
6573.csv,-0.013201703317463398,536.0,0.011327026411890984,15.7,227.0
6579.csv,-0.013201703317463398,536.0,-0.030445890501141548,94.2,522.0
6581.csv,-0.013201703317463398,536.0,-0.058997202664613724,93.3,733.0
6582.csv,-0.013201703317463398,536.0,0.09666375070810318,61.2,17.0
6585.csv,-0.003213828429579735,96.0,0.005477300379425287,62.2,259.0
6591.csv,-0.013201703317463398,536.0,-0.06901957839727402,51.9,788.0
6592.csv,-0.013201703317463398,536.0,0.00788935087621212,121.5,244.0
6598.csv,-0.030153047293424606,898.0,0.025938009843230247,29.4,159.0
6605.csv,-0.013201703317463398,536.0,-0.05162767320871353,97.1,678.0
6625.csv,-0.013201703317463398,536.0,0.10434184223413467,51.4,12.0
6641.csv,-0.012682913802564144,278.0,-0.08240074664354324,57.4,845.0
6655.csv,-0.036550406366586685,926.0,0.09881643205881119,128.0,15.0
6666.csv,-0.037341613322496414,929.0,-0.06503995507955551,84.9,765.0
6668.csv,-0.013201703317463398,536.0,0.044840116053819656,43.75,96.0
6669.csv,-0.013201703317463398,536.0,0.0222953911870718,1240.0,173.0
6670.csv,-0.05124829337000847,955.0,0.016558321192860603,228.0,201.0
6671.csv,-0.012700483202934265,279.0,0.06153657287359238,39.9,58.0
6672.csv,-0.013201703317463398,536.0,-0.025271648541092873,83.8,476.0
6674.csv,-0.02610659971833229,879.0,0.0005424530245363712,28.4,289.0
6689.csv,-0.011942694894969463,258.0,0.013433059677481651,132.5,218.0
6691.csv,-0.04326093941926956,941.0,-0.0627259761095047,279.0,754.0
6695.csv,-0.01077919453382492,229.0,0.02491278015077114,44.1,163.0
6698.csv,-0.0046232957392930984,113.0,0.05695580691099167,41.15,66.0
6706.csv,-0.013201703317463398,536.0,-0.03453416749835014,96.4,552.0
6715.csv,-0.013201703317463398,536.0,-0.023308726027607918,166.5,467.0
6719.csv,-0.013201703317463398,536.0,0.027202559635043144,308.0,153.0
6743.csv,-0.013201703317463398,536.0,0.01758030615746975,56.4,195.0
6753.csv,0.0031939586624503136,38.0,-0.016237599775195122,132.0,417.0
6754.csv,-0.006646426394581795,153.0,-0.07331577688455582,54.3,808.0
6756.csv,-0.013201703317463398,536.0,-0.045517683029174805,234.5,628.0
6768.csv,-0.013201703317463398,536.0,-0.10527300089597702,70.5,916.0
6770.csv,-0.013201703317463398,536.0,-0.05736362561583519,32.5,724.0
6776.csv,-0.013201703317463398,536.0,-0.01181439496576786,53.0,372.0
6781.csv,-0.013201703317463398,536.0,-0.021964171901345253,709.0,455.0
6782.csv,-0.013201703317463398,536.0,-0.023752683773636818,277.5,470.0
6789.csv,-0.02866927906870842,891.0,-0.0043626814149320126,233.0,319.0
6790.csv,-0.013201703317463398,536.0,0.14548127353191376,37.25,3.0
6792.csv,-0.002700996585190296,90.0,-0.060580819845199585,83.1,740.0
6796.csv,-0.013083023019134998,295.0,-0.017873743548989296,104.5,429.0
6799.csv,-0.010783021338284016,230.0,-0.02571258880198002,155.0,481.0
6806.csv,-0.013201703317463398,536.0,0.0034087584353983402,90.5,272.0
6807.csv,-0.006627937778830528,152.0,-0.12812544405460358,28.4,949.0
6830.csv,-0.030705701559782028,900.0,0.028690015897154808,140.5,148.0
6834.csv,-0.006096637342125177,144.0,-0.010347003117203712,29.4,364.0
6835.csv,-0.013201703317463398,536.0,-0.01806056872010231,43.7,432.0
6854.csv,-0.017916206270456314,827.0,-0.02635292150080204,105.0,487.0
6863.csv,-0.011311129666864872,244.0,-0.029627913609147072,192.0,514.0
6869.csv,-0.013201703317463398,536.0,-0.062210746109485626,95.3,747.0
6873.csv,-0.009839804843068123,209.0,-0.022030355408787727,138.0,456.0
8011.csv,-0.006180704105645418,146.0,0.018340205773711205,14.95,187.0
8016.csv,-0.004806443117558956,117.0,0.031166614964604378,240.5,138.0
8021.csv,-0.00997086614370346,213.0,-0.09623900800943375,29.5,895.0
8028.csv,-0.016817089170217514,818.0,-0.03803134709596634,63.1,588.0
8033.csv,-0.013201703317463398,536.0,-0.066839300096035,59.1,774.0
8039.csv,-0.011666787788271904,253.0,-0.015201279893517494,42.55,406.0
8046.csv,-0.03135780990123749,904.0,-0.02636147476732731,275.5,488.0
8070.csv,-0.013201703317463398,536.0,-0.04315097630023956,36.35,612.0
8072.csv,-0.013201703317463398,536.0,-0.0051777600310742855,28.6,329.0
8081.csv,-0.00965175312012434,204.0,-0.08126925677061081,181.5,839.0
8101.csv,-0.009887255728244781,210.0,0.04024816304445267,5.7,107.0
8103.csv,-0.013201703317463398,536.0,0.047646403312683105,36.3,85.0
8104.csv,-0.032855208963155746,912.0,-0.02143399603664875,41.6,452.0
8105.csv,-0.013201703317463398,536.0,-0.00915818102657795,14.25,347.0
8110.csv,0.005270888097584248,28.0,-0.09318559616804123,13.45,883.0
8112.csv,-0.015078159980475903,801.0,0.02598990686237812,44.65,158.0
8114.csv,-0.013201703317463398,536.0,-0.006925845053046942,112.5,340.0
8131.csv,-0.019109345972537994,836.0,-0.0675908550620079,44.1,780.0
8150.csv,0.005239718593657017,29.0,-0.01418205164372921,38.45,389.0
8163.csv,-0.0142481354996562,794.0,-0.16939802467823029,44.9,974.0
8201.csv,-0.009920715354382992,211.0,-0.009732181206345558,13.65,355.0
8210.csv,-0.013201703317463398,536.0,-0.03841119259595871,83.2,590.0
8213.csv,-0.013201703317463398,536.0,0.018098710104823112,41.7,190.0
8215.csv,-0.0024803457781672478,86.0,-0.05858682096004486,36.55,729.0
8222.csv,-0.07231590896844864,971.0,0.07414674013853073,40.45,46.0
8249.csv,-0.04320715740323067,940.0,-0.01220245473086834,31.3,374.0
8261.csv,-0.019181646406650543,837.0,-0.07975462824106216,108.5,833.0
8271.csv,-0.0036694109439849854,102.0,-0.042953215539455414,52.5,610.0
8341.csv,-0.009990591555833817,214.0,-0.027874046936631203,165.5,501.0
8367.csv,-0.013201703317463398,536.0,-0.04926823824644089,48.1,657.0
8374.csv,-0.013201703317463398,536.0,-0.046650029718875885,32.3,644.0
8404.csv,-0.013201703317463398,536.0,0.19608183205127716,27.05,1.0
8411.csv,-0.01131898071616888,245.0,0.09085593372583389,14.85,26.0
8422.csv,-0.013201703317463398,536.0,0.012004388496279716,188.0,223.0
8429.csv,-0.013201703317463398,536.0,-0.04068029671907425,10.55,602.0
8438.csv,-0.013201703317463398,536.0,0.03247489780187607,24.5,131.0
8442.csv,-0.013201703317463398,536.0,0.04535170644521713,82.5,94.0
8443.csv,-0.013201703317463398,536.0,-0.032541945576667786,11.45,538.0
8454.csv,-0.010661262087523937,226.0,-0.036787159740924835,877.0,570.0
8462.csv,-0.013201703317463398,536.0,-0.08602187782526016,146.0,859.0
8463.csv,-0.03442518785595894,917.0,-0.027426863089203835,23.15,495.0
8464.csv,-0.013201703317463398,536.0,0.007986711338162422,330.5,243.0
8466.csv,-0.013201703317463398,536.0,0.044744186103343964,41.55,97.0
8467.csv,-0.013201703317463398,536.0,-0.018457571044564247,62.4,435.0
8473.csv,0.0124718202278018,17.0,0.014534713700413704,30.3,213.0
8478.csv,-0.020988650619983673,854.0,0.04754674434661865,525.0,86.0
8481.csv,-0.013201703317463398,536.0,-0.02738342620432377,57.7,493.0
8482.csv,-0.013201703317463398,536.0,-0.004867264535278082,77.8,326.0
8488.csv,-0.011376720853149891,247.0,-0.0399535670876503,15.55,600.0
8499.csv,-0.013201703317463398,536.0,-0.026075074449181557,106.5,484.0
8926.csv,-0.013201703317463398,536.0,-0.025434894487261772,43.45,480.0
8940.csv,-0.013201703317463398,536.0,-0.0625653937458992,24.6,753.0
8996.csv,-0.013201703317463398,536.0,-0.04638766497373581,240.0,640.0
9103.csv,-0.013201703317463398,536.0,-0.02899910695850849,6.98,508.0
9105.csv,-0.013201703317463398,536.0,-0.0976869985461235,3.88,899.0
9110.csv,-0.013201703317463398,536.0,0.034950897097587585,3.54,124.0
9136.csv,-0.00796687975525856,179.0,-0.04574877768754959,6.36,632.0
9802.csv,-0.013201703317463398,536.0,-0.08916202932596207,131.5,870.0
9902.csv,-0.010007069446146488,215.0,-0.0912645235657692,12.5,874.0
9904.csv,-0.013201703317463398,536.0,0.01569068245589733,31.25,205.0
9905.csv,-0.013279433362185955,774.0,-0.01430586539208889,25.25,390.0
9906.csv,-0.007662709336727858,174.0,-0.044332005083560944,52.0,621.0
9907.csv,-0.013201703317463398,536.0,-0.0537499263882637,19.3,697.0
9908.csv,0.004089477472007275,34.0,-0.08132844418287277,31.55,840.0
9910.csv,-0.013201703317463398,536.0,-0.023436548188328743,191.5,469.0
9911.csv,-0.011672458611428738,254.0,0.014019718393683434,63.8,215.0
9912.csv,-0.021887514740228653,860.0,-0.0641876682639122,10.05,759.0
9914.csv,-0.013201703317463398,536.0,-0.08873490244150162,166.0,868.0
9917.csv,-0.056299544870853424,962.0,-0.15585072338581085,104.5,970.0
9918.csv,-0.006383752450346947,150.0,-0.07971326261758804,41.25,832.0
9919.csv,-0.01290192175656557,288.0,-0.013400929048657417,17.8,382.0
9921.csv,-0.013201703317463398,536.0,-0.016347521916031837,175.5,418.0
9924.csv,-0.012951637618243694,290.0,-0.013450006023049355,43.8,383.0
9925.csv,-0.012021617032587528,261.0,0.01684662140905857,40.9,198.0
9926.csv,-0.013201703317463398,536.0,-0.03755582123994827,51.8,582.0
9927.csv,-0.021208547055721283,856.0,-0.03204898536205292,42.95,533.0
9928.csv,-0.04093373194336891,933.0,-0.06697095185518265,18.75,777.0
9929.csv,0.0004763677716255188,55.0,-0.10501951724290848,9.19,915.0
9930.csv,-0.00496318656951189,119.0,-0.0001560538075864315,48.8,297.0
9931.csv,-0.012550066225230694,275.0,0.03009994886815548,39.7,141.0
9933.csv,-0.013201703317463398,536.0,0.1090271845459938,42.45,10.0
9934.csv,-0.0007818490266799927,66.0,-0.030502721667289734,13.6,523.0
9935.csv,-0.013201703317463398,536.0,0.00487803528085351,18.8,262.0
9937.csv,-0.009953886270523071,212.0,-0.03409659117460251,60.1,549.0
9938.csv,-0.027192750945687294,887.0,-0.022976567968726158,58.4,466.0
9939.csv,0.016574803739786148,9.0,-0.05537375435233116,98.8,710.0
9940.csv,-0.013201703317463398,536.0,0.09554532170295715,29.1,19.0
9941.csv,-0.0138397216796875,788.0,-0.051741503179073334,178.5,679.0
9942.csv,-0.01968057081103325,841.0,0.03314412012696266,132.0,127.0
9943.csv,-0.009445657953619957,201.0,-0.032957904040813446,68.7,541.0
9944.csv,-0.017370712012052536,820.0,-0.022889653220772743,20.4,465.0
9945.csv,-0.013201703317463398,536.0,-0.06467526406049728,35.5,763.0
9946.csv,-0.013201703317463398,536.0,-0.10633566975593567,12.15,917.0
9955.csv,-0.013201703317463398,536.0,-0.047588735818862915,26.85,649.0
9958.csv,-0.015538424253463745,806.0,-0.060909926891326904,105.0,742.0
